4
Pink 1 0
Yellow 1 0
Purple 0 0
Gray 2 -1
55
0 695 1 2 3 4 5 6 7 8 9 10 11 12 13 14 15 16 17 33 34 36 37 38 39 40 41 42 43 44 45 46 47 48 49 50 51 52 53 54
1 467 2 3 4 5 6 7 8 9 10 11 12 13 15 17 18 19 20 21 22 23 24 25 26 27 28 29 30 31 32 34 36 37 38 40
2 31 38
3 58 38 39 40 44 45 46
4 18 40 41
5 14 6
6 6
7 20 8
8 7
9 33
10 34
11 40
12 62
13 49 14
14 21
15 13 16
16 7
17 13
18 11
19 11
20 9
21 16
22 13
23 11
24 15
25 12
26 11
27 21
28 15
29 14
30 14
31 11
32 5
33 3 36
34 5 35 36
35 3 36
36 4 37
37 3
38 114 39 42 43
39 27 44 45
40 66 41 47 48 49
41 29 50 51 52 53
42 3
43 4
44 7 45
45 4 46
46 9
47 3 48
48 5 49
49 4
50 9
51 5 52 53
52 4 53
53 4 54
54 4
0
F 0 3
F 1 1
